PlayerID,First,Last,YearID,G,AB,R,H,2B,3B,HR,AVG,RBI,SB,BB,SO,Season,Ballot
bowerfr01,Frank,Bowerman,1901,1045,3401,343,852,102,38,13,0.250514555,392,81,129,0,16,N
colliji01,Jimmy,Collins,1901,1725,6795,1055,1999,352,116,65,0.294186902,983,194,426,32,16,Y
dahlebi01,Bill,Dahlen,1901,2443,9031,1589,2457,413,163,84,0.272062894,1233,547,1064,269,21,Y
dolanco01,Cozy,Dolan,1901,830,3174,428,855,99,37,10,0.269376181,315,114,227,8,12,N
freembu01,Buck,Freeman,1901,1126,4208,588,1235,199,131,82,0.293488593,713,92,272,2,11,N
griffcl01,Clark,Griffith,1901,485,1380,202,321,49,17,8,0.232608696,166,22,166,46,22,N
mccarja01,Jack,McCarthy,1901,1091,4195,550,1203,171,66,7,0.286769964,474,145,268,13,13,N
mcfared01,Ed,McFarland,1901,894,3007,398,826,146,49,13,0.274692384,383,65,254,19,15,N
mertesa01,Sam,Mertes,1901,1190,4405,695,1227,188,108,40,0.278547106,721,396,422,10,11,N
stahlch01,Chick,Stahl,1901,1304,5069,858,1546,219,118,36,0.304991123,622,189,470,0,10,N
sudhowi01,Willie,Sudhoff,1901,303,836,77,149,16,9,1,0.178229665,57,13,59,0,11,N
warnejo01,John,Warner,1901,1073,3494,348,870,81,35,6,0.248998283,303,83,181,33,18,N
bernhbi01,Bill,Bernhard,1902,232,718,50,129,18,4,0,0.179665738,51,3,28,0,10,N
caseydo01,Doc,Casey,1902,1114,4341,584,1122,137,52,9,0.258465791,354,191,270,0,11,N
frasech01,Chick,Fraser,1902,458,1316,134,235,34,13,3,0.178571429,96,19,81,34,15,Y
kitsofr01,Frank,Kitson,1902,352,978,118,235,28,17,4,0.240286299,95,14,39,0,11,N
mcganda01,Dan,McGann,1902,1436,5222,842,1482,181,100,42,0.283799311,727,282,429,10,14,N
orthal01,Al,Orth,1902,602,1698,183,464,61,30,12,0.273262662,184,30,51,17,16,N
schreos01,Ossee,Schreckengost,1902,895,3057,304,829,136,31,9,0.271180896,338,52,102,0,15,Y
tayloja02,Jack,Taylor,1902,338,1060,110,236,42,13,2,0.222641509,87,18,66,0,11,N
tennefr02,Fred,Tenney,1902,1994,7595,1278,2231,270,77,22,0.293745885,688,285,874,43,17,Y
wolveha01,Harry,Wolverton,1902,783,3001,346,833,95,53,7,0.277574142,352,83,166,0,11,N
yeagejo01,Joe,Yeager,1902,574,1853,204,467,77,29,4,0.252023745,201,37,110,0,10,N
barreji01,Jimmy,Barrett,1903,866,3306,580,962,83,47,16,0.290986086,255,143,440,0,10,N
barrysh01,Shad,Barry,1903,1100,4014,516,1073,128,47,10,0.2673144,391,140,279,0,15,N
buelofr01,Fritz,Buelow,1903,431,1334,125,256,25,18,6,0.191904048,112,20,69,0,10,N
callani01,Nixey,Callahan,1903,923,3295,442,901,135,46,11,0.273444613,394,186,159,9,13,N
coughbi01,Bill,Coughlin,1903,1049,3854,481,972,133,39,15,0.252205501,380,159,203,0,10,N
crigelo01,Lou,Criger,1903,1012,3202,337,709,86,50,11,0.22142411,342,58,309,0,16,Y
dinnebi01,Bill,Dinneen,1903,417,1143,99,219,18,5,1,0.19160105,60,29,80,0,13,Y
dugglbi01,Bill,Duggleby,1903,242,649,51,107,24,4,6,0.164869029,51,3,21,0,10,N
flickel01,Elmer,Flick,1903,1483,5597,950,1752,268,164,48,0.313024835,756,330,597,0,14,Y
hickmch01,Charlie,Hickman,1903,1081,3982,478,1176,217,91,59,0.29532898,614,72,153,0,16,N
jonesfi01,Fielder,Jones,1903,1788,6747,1180,1920,206,75,21,0.28457092,631,359,817,15,15,Y
kahoemi01,Mike,Kahoe,1903,410,1309,103,278,43,14,4,0.212375859,105,21,39,0,14,N
mcginjo01,Joe,McGinnity,1903,477,1297,109,251,21,10,0,0.193523516,90,26,34,0,11,Y
powerdo01,Doc,Powers,1903,647,2088,183,450,72,13,4,0.215517241,199,27,72,0,14,N
ritchcl01,Claude,Ritchey,1903,1671,5919,708,1618,215,68,18,0.273356986,673,155,607,0,13,Y
seymocy01,Cy,Seymour,1903,1528,5682,737,1723,229,96,52,0.303238296,799,222,354,32,18,Y
slaglji01,Jimmy,Slagle,1903,1298,4996,779,1340,124,56,2,0.268214572,344,273,619,0,11,N
stransa01,Sammy,Strang,1903,903,2933,479,790,112,28,16,0.26934879,253,216,464,6,11,N
tanneje01,Jesse,Tannehill,1903,506,1410,189,361,55,23,5,0.256028369,141,19,105,3,16,Y
taylodu01,Dummy,Taylor,1903,276,645,51,93,6,4,0,0.144186047,41,1,41,0,10,N
wadderu01,Rube,Waddell,1903,410,1066,61,172,29,10,4,0.161350844,83,6,42,0,14,Y
beaumgi01,Ginger,Beaumont,1904,1463,5660,955,1759,182,82,39,0.310777385,617,254,425,14,12,Y
chesbja01,Jack,Chesbro,1904,393,1103,85,217,37,13,5,0.196736174,82,5,25,0,12,Y
clarkfr01,Fred,Clarke,1904,2242,8568,1619,2672,361,220,67,0.311858077,1015,506,874,135,21,Y
donahji02,Jiggs,Donahue,1904,813,2862,319,731,90,31,4,0.255415793,327,143,215,0,11,N
hartsto01,Topsy,Hartsel,1904,1356,4848,826,1336,182,92,31,0.275577558,341,247,837,0,14,N
hemphch01,Charlie,Hemphill,1904,1242,4541,580,1230,117,68,22,0.270865448,421,207,435,0,13,N
howelha01,Harry,Howell,1904,458,1394,143,302,60,25,11,0.216642755,131,19,64,0,13,N
isbelfr01,Frank,Isbell,1904,1119,4219,501,1056,158,62,13,0.250296279,455,253,190,0,10,N
leevesa01,Sam,Leever,1904,389,993,90,183,17,14,2,0.18429003,78,4,49,8,13,Y
powelja01,Jack,Powell,1904,585,1610,133,309,38,14,8,0.191925466,124,3,87,0,17,N
sparktu01,Tully,Sparks,1904,313,798,45,91,16,4,0,0.114035088,41,0,52,1,13,N
steinha01,Harry,Steinfeldt,1904,1646,5896,758,1576,284,90,27,0.267299864,762,194,471,32,14,Y
williji01,Jimmy,Williams,1904,1456,5481,781,1507,242,139,49,0.274949827,796,151,474,0,11,N
willivi01,Vic,Willis,1904,531,1493,107,248,19,4,1,0.166108506,84,3,81,8,13,N
abbated01,Ed,Abbaticchio,1905,855,3044,355,772,99,43,11,0.253613666,324,142,289,16,10,N
bradlbi01,Bill,Bradley,1905,1461,5430,754,1471,275,84,33,0.270902394,552,181,290,18,14,Y
branski01,Kitty,Bransfield,1905,1330,4999,529,1351,225,75,13,0.270254051,637,175,221,41,13,N
davisha01,Harry,Davis,1905,1755,6653,1001,1841,361,145,75,0.27671727,951,285,525,45,25,Y
donlimi01,Mike,Donlin,1905,1049,3854,669,1282,176,97,51,0.332641412,543,213,312,39,14,Y
elberki01,Kid,Elberfeld,1905,1292,4561,647,1235,169,56,10,0.270773953,535,213,427,4,15,Y
flahepa02,Patsy,Flaherty,1905,235,624,53,123,19,13,6,0.197115385,70,9,40,11,10,N
hugheto01,Tom,Hughes,1905,410,958,89,190,28,15,6,0.198329854,79,8,39,14,15,N
lajoina01,Nap,Lajoie,1905,2480,9589,1504,3242,657,163,83,0.338095735,1599,380,516,85,22,Y
parenfr01,Freddy,Parent,1905,1327,4984,633,1306,180,74,20,0.262038523,471,184,333,0,12,N
phillde01,Deacon,Phillippe,1905,377,980,96,185,23,6,3,0.18877551,90,4,49,5,13,Y
sheckji01,Jimmy,Sheckard,1905,2122,7605,1296,2084,354,136,56,0.274030243,813,465,1135,233,19,Y
smithha03,Harry,Smith,1905,343,1004,83,214,22,7,2,0.21314741,89,23,55,14,10,N
thomaro01,Roy,Thomas,1905,1470,5296,1011,1537,100,53,7,0.290219033,299,244,1042,11,14,N
bergebi01,Bill,Bergen,1906,947,3028,138,516,45,21,2,0.170409511,193,23,88,81,11,N
bresnro01,Roger,Bresnahan,1906,1446,4481,682,1252,218,71,26,0.279401919,530,212,714,99,18,Y
brownge01,George,Browne,1906,1102,4300,614,1176,119,55,18,0.273488372,303,190,259,1,15,N
chancfr01,Frank,Chance,1906,1287,4297,797,1273,200,79,20,0.2962532,596,401,554,29,17,Y
coaklan01,Andy,Coakley,1906,150,359,14,42,3,1,0,0.116991643,6,1,17,0,10,Y
conrowi01,Wid,Conroy,1906,1374,5061,605,1257,176,82,22,0.248369887,452,262,345,0,11,Y
donovbi01,Bill,Donovan,1906,459,1302,142,251,30,11,7,0.192780338,93,36,77,6,18,Y
doughpa01,Patsy,Dougherty,1906,1233,4558,678,1294,138,78,17,0.283896446,413,261,378,0,12,N
gessldo01,Doc,Gessler,1906,880,2969,370,831,127,50,14,0.27989222,363,142,333,0,11,N
hoffmda01,Danny,Hoffman,1906,829,2981,361,762,71,52,14,0.25561892,235,185,226,0,10,N
klingjo01,Johnny,Kling,1906,1260,4241,474,1151,181,61,20,0.271398255,513,123,281,114,14,Y
marshdo01,Doc,Marshall,1906,261,756,51,159,23,8,2,0.21031746,54,15,34,0,10,N
sullibi03,Billy,Sullivan,1906,1147,3647,363,777,119,33,21,0.213051823,378,98,170,0,16,Y
wallabo01,Bobby,Wallace,1906,2383,8618,1057,2309,391,143,34,0.267927593,1121,201,774,79,25,Y
ewingbo01,Bob,Ewing,1907,311,872,77,170,27,7,3,0.194954128,58,5,33,16,11,N
jacklfr01,Fred,Jacklitsch,1907,490,1344,160,327,64,12,5,0.243303571,153,35,201,100,13,N
leachto01,Tommy,Leach,1907,2156,7959,1355,2143,266,172,63,0.269254932,810,361,820,278,20,Y
mcintma01,Matty,McIntyre,1907,1072,3958,562,1066,140,69,4,0.269327943,319,120,439,0,10,N
mooreea01,Earl,Moore,1907,388,949,55,134,13,1,0,0.141201264,43,4,62,108,16,N
moranpa01,Pat,Moran,1907,818,2634,198,618,102,24,18,0.234624146,262,55,142,36,14,Y
murphda02,Danny,Murphy,1907,1496,5399,705,1563,289,102,44,0.289498055,702,193,335,24,16,Y
peltyba01,Barney,Pelty,1907,282,697,42,100,6,3,0,0.143472023,30,5,21,0,11,N
phelped01,Ed,Phelps,1907,633,1832,186,460,45,20,3,0.251091703,205,31,163,46,12,N
stahlja01,Jake,Stahl,1907,981,3425,405,894,149,87,31,0.261021898,437,178,221,1,10,Y
tannele01,Lee,Tannehill,1907,1090,3778,331,833,135,27,3,0.22048703,346,63,229,0,10,N
wagneho01,Honus,Wagner,1907,2792,10430,1736,3415,640,252,101,0.327420901,1732,722,963,327,21,Y
whitedo01,Doc,White,1907,547,1283,147,278,22,13,2,0.216679657,75,32,147,1,13,N
brownbu01,Buster,Brown,1908,235,522,38,95,23,7,3,0.181992337,23,0,18,65,11,N
crawfsa01,Sam,Crawford,1908,2517,9570,1391,2961,458,309,97,0.309404389,1525,366,760,104,19,Y
delahji01,Jim,Delahanty,1908,1186,4091,520,1159,191,59,19,0.283304815,489,151,378,24,15,N
devliar01,Art,Devlin,1908,1313,4412,603,1185,164,57,10,0.268585675,505,285,576,105,10,N
hessot01,Otto,Hess,1908,280,714,63,154,21,9,5,0.215686275,58,4,27,54,10,N
jonesda01,Davy,Jones,1908,1090,3774,643,1020,98,40,9,0.27027027,289,207,478,16,16,N
kleinre01,Red,Kleinow,1908,584,1665,146,354,45,20,3,0.212612613,135,42,153,1,10,N
mathech01,Christy,Mathewson,1908,646,1684,151,362,50,12,7,0.214964371,165,20,116,74,18,Y
morgacy01,Cy,Morgan,1908,210,489,26,61,7,1,0,0.124744376,37,2,11,0,12,N
mullige01,George,Mullin,1908,614,1531,163,401,70,23,3,0.261920314,137,18,122,21,15,N
titusjo01,John,Titus,1908,1402,4960,738,1401,253,72,38,0.282459677,561,140,620,116,12,N
brownmo01,Mordecai,Brown,1909,493,1143,93,235,20,11,2,0.2055993,74,8,44,75,15,Y
clarkni01,Nig,Clarke,1909,506,1536,157,390,64,20,6,0.25390625,127,16,138,9,11,N
dooinre01,Red,Dooin,1909,1290,4004,333,961,139,31,10,0.24000999,344,133,155,87,16,Y
mcleala01,Larry,McLean,1909,862,2647,183,694,90,26,6,0.262183604,298,20,136,79,14,Y
moriage02,George,Moriarty,1909,1076,3671,372,920,147,32,5,0.250612912,376,248,234,59,13,N
needhto01,Tom,Needham,1909,523,1491,113,311,50,10,8,0.208584842,117,20,109,49,11,N
planked01,Eddie,Plank,1909,630,1607,130,331,39,7,3,0.205973864,122,13,71,72,17,Y
richile01,Lew,Richie,1909,241,443,27,65,9,6,0,0.146726862,21,2,25,54,10,N
schaege01,Germany,Schaefer,1909,1150,3784,497,972,117,48,9,0.256871036,308,201,333,28,16,Y
smithch02,Charlie,Smith,1909,218,447,22,67,5,1,1,0.149888143,22,0,11,27,12,N
smithfr03,Frank,Smith,1909,369,766,81,156,41,9,2,0.203655352,85,3,64,48,14,N
stovage01,George,Stovall,1909,1414,5222,547,1382,231,56,15,0.26464956,564,142,172,94,12,N
tinkejo01,Joe,Tinker,1909,1804,6434,774,1687,263,114,31,0.262200808,782,336,416,149,15,Y
wiltsho01,Hooks,Wiltse,1909,375,743,81,156,19,4,2,0.209959623,79,14,50,25,12,N
batesjo02,Johnny,Bates,1910,1154,3913,565,1087,167,73,25,0.277791975,417,187,503,190,12,N
bendech01,Chief,Bender,1910,507,1147,102,243,40,10,6,0.211857018,116,20,75,48,16,Y
bridwal01,Al,Bridwell,1910,1252,4169,457,1064,95,32,2,0.255217078,348,136,557,98,12,N
camniho01,Howie,Camnitz,1910,326,677,42,92,6,1,1,0.135893648,32,1,37,128,12,Y
falkecy01,Cy,Falkenberg,1910,332,771,48,117,11,4,1,0.151750973,47,7,39,107,14,Y
frommar01,Art,Fromme,1910,252,476,32,77,11,5,0,0.161764706,21,1,12,59,11,N
granted01,Eddie,Grant,1910,990,3385,399,844,79,30,5,0.249335303,277,153,233,181,11,Y
hofmaso01,Solly,Hofman,1910,1194,4072,554,1095,162,60,19,0.268909627,495,208,421,171,16,N
huggimi01,Miller,Huggins,1910,1586,5558,948,1474,146,50,9,0.265203311,318,324,1003,312,13,N
hummejo01,John,Hummel,1910,1161,3906,421,991,128,84,29,0.253712238,394,117,346,269,12,N
laporfr01,Frank,LaPorte,1910,1194,4212,501,1185,198,79,15,0.281339031,560,101,288,85,13,N
loberha01,Hans,Lobert,1910,1317,4563,640,1252,159,82,32,0.27438089,482,316,395,156,14,Y
lordha01,Harry,Lord,1910,972,3691,506,1024,107,70,14,0.27743159,294,206,226,57,10,N
mowremi01,Mike,Mowrey,1910,1276,4291,485,1099,183,54,7,0.256117455,461,167,469,297,14,N
olearch01,Charley,O'Leary,1910,955,3232,317,731,104,18,3,0.226175743,213,74,164,34,11,Y
streega01,Gabby,Street,1910,504,1501,98,312,44,11,2,0.207861426,105,17,119,0,10,Y
thomair01,Ira,Thomas,1910,484,1352,124,327,46,17,3,0.241863905,155,20,82,8,10,Y
turnete01,Terry,Turner,1910,1659,5921,699,1499,207,77,8,0.253166695,528,256,435,156,17,Y
wagnehe01,Heinie,Wagner,1910,983,3333,402,834,128,47,10,0.250225023,343,144,310,63,12,N
walshed01,Ed,Walsh,1910,459,1088,93,210,38,10,3,0.193014706,68,14,46,14,14,Y
willeed01,Ed,Willett,1910,279,652,56,130,25,10,5,0.199386503,63,1,26,42,10,N
amesre01,Red,Ames,1911,533,1014,52,143,10,7,3,0.141025641,63,5,61,204,20,N
beckebe01,Beals,Becker,1911,876,2764,367,763,114,43,45,0.276049204,292,129,241,231,10,N
carribi02,Bill,Carrigan,1911,709,1970,194,506,67,14,6,0.256852792,235,37,206,59,10,Y
devorjo01,Josh,Devore,1911,601,1874,331,520,58,31,11,0.277481323,149,160,222,230,10,N
doolami01,Mickey,Doolan,1911,1728,5977,513,1376,244,81,15,0.230215827,554,173,370,376,15,N
eversjo01,Johnny,Evers,1911,1784,6137,919,1659,216,70,12,0.270327522,538,324,778,142,19,Y
gibsoge01,George,Gibson,1911,1213,3776,295,893,142,49,15,0.236493644,345,40,286,132,14,N
goodwi01,Wilbur,Good,1911,749,2364,324,609,84,44,9,0.257614213,187,104,190,243,12,N
hartzro01,Roy,Hartzell,1911,1290,4548,503,1146,112,55,12,0.251978892,397,182,455,118,11,N
knabeot01,Otto,Knabe,1911,1278,4469,572,1103,178,48,8,0.246811367,365,143,485,191,12,Y
leifile01,Lefty,Leifield,1911,298,611,46,107,11,9,0,0.17512275,30,5,48,63,13,N
mageesh01,Sherry,Magee,1911,2087,7441,1112,2169,425,166,83,0.291493079,1176,441,736,359,17,Y
mcbrige01,George,McBride,1911,1659,5526,516,1203,140,47,7,0.217698154,447,133,419,271,17,N
mitchmi01,Mike,Mitchell,1911,1124,4095,514,1138,130,104,27,0.277899878,514,202,368,216,10,N
murrare01,Red,Murray,1911,1264,4334,555,1170,168,96,37,0.269958468,579,321,299,194,12,Y
oldriru01,Rube,Oldring,1911,1239,4690,616,1268,205,76,27,0.270362473,471,197,206,125,14,N
reulbed01,Ed,Reulbach,1911,401,862,52,127,16,6,1,0.147331787,52,3,59,171,14,N
ruckena01,Nap,Rucker,1911,336,805,44,157,10,6,1,0.195031056,44,2,22,64,10,Y
schulfr01,Frank,Schulte,1911,1806,6533,906,1766,288,124,92,0.270319914,792,233,545,515,17,Y
sheanda01,Dave,Shean,1911,630,2167,225,495,59,23,6,0.228426396,166,66,155,133,10,N
altroni01,Nick,Altrock,1912,230,550,52,97,9,1,2,0.176363636,27,5,29,0,21,Y
byrnebo01,Bobby,Byrne,1912,1283,4831,667,1225,186,60,10,0.253570689,329,176,456,220,14,N
chaseha01,Hal,Chase,1912,1919,7417,980,2158,322,124,57,0.290953216,941,363,276,306,17,Y
coombja01,Jack,Coombs,1912,460,1110,123,261,34,10,4,0.235135135,100,21,59,44,14,Y
cranddo01,Doc,Crandall,1912,500,887,109,253,35,19,9,0.285231116,126,9,118,94,12,Y
egandi01,Dick,Egan,1912,917,3080,374,767,87,29,4,0.249025974,292,167,291,191,10,N
englecl01,Clyde,Engle,1912,836,2822,373,748,101,39,12,0.265060241,318,128,271,119,10,N
hinchbi01,Bill,Hinchman,1912,908,3043,364,793,128,69,20,0.260598094,369,85,298,174,10,Y
mcquige01,George,McQuillan,1912,273,469,23,55,6,1,0,0.117270789,20,2,34,85,11,N
snodgfr01,Fred,Snodgrass,1912,923,3101,453,852,143,42,11,0.274750081,351,215,386,359,10,N
archeji01,Jimmy,Archer,1913,847,2646,246,660,106,34,16,0.249433107,296,36,124,241,14,Y
bailebi01,Bill,Bailey,1913,209,366,23,71,4,1,0,0.193989071,15,3,20,38,12,N
barryja01,Jack,Barry,1913,1223,4146,532,1009,142,38,10,0.243367101,429,153,396,142,12,Y
beschbo01,Bob,Bescher,1913,1228,4536,749,1171,190,74,28,0.258156966,345,428,619,451,11,N
cicoted01,Eddie,Cicotte,1913,504,1062,97,198,24,3,0,0.186440678,58,6,88,129,15,N
clarkto01,Tommy,Clarke,1913,700,1708,169,453,66,37,6,0.265222482,191,42,216,177,10,N
doylela01,Larry,Doyle,1913,1766,6509,960,1887,299,123,74,0.289906284,793,298,625,274,15,Y
groombo01,Bob,Groom,1913,369,764,49,98,16,3,0,0.128272251,35,3,37,128,10,N
hoblidi01,Dick,Hoblitzel,1913,1318,4706,591,1310,194,88,27,0.278368041,593,173,407,256,12,N
mccaral01,Alex,McCarthy,1913,432,1335,136,306,34,11,5,0.229213483,122,23,104,123,10,N
meyerch01,Chief,Meyers,1913,992,2834,276,826,120,41,14,0.291460833,363,44,274,162,10,N
zeidero01,Rollie,Zeider,1913,941,3210,393,769,89,22,5,0.239563863,253,223,334,138,10,N
zimmehe01,Heinie,Zimmerman,1913,1456,5304,695,1566,275,105,58,0.295248869,796,175,242,404,14,N
bakerfr01,Frank,Baker,1914,1575,5984,887,1838,315,103,96,0.307152406,987,235,473,182,13,Y
cravaga01,Gavvy,Cravath,1914,1220,3951,575,1134,232,83,119,0.287015945,719,89,561,514,12,Y
fishera01,Ray,Fisher,1914,278,587,45,105,14,1,2,0.178875639,27,5,18,88,10,N
gainede01,Del,Gainer,1914,548,1608,218,438,75,36,14,0.27238806,185,54,149,156,11,N
herzobu01,Buck,Herzog,1914,1493,5284,705,1370,191,75,20,0.259273278,445,312,427,307,16,Y
jacksjo01,Joe,Jackson,1914,1332,4981,873,1772,307,168,54,0.355751857,785,202,519,158,14,Y
koneted01,Ed,Konetchy,1914,2085,7649,972,2150,344,182,74,0.281082494,992,255,689,545,16,N
luderfr01,Fred,Luderus,1914,1346,4851,570,1344,251,54,84,0.277056277,642,55,414,421,13,N
marsaar01,Armando,Marsans,1914,655,2273,267,612,67,19,2,0.26924769,221,171,173,117,10,N
mckecbi01,Bill,McKechnie,1914,846,2843,319,713,86,33,8,0.250791418,240,127,190,199,13,N
milancl01,Clyde,Milan,1914,1982,7359,1004,2100,240,105,17,0.285364859,617,495,685,197,16,Y
milledo02,Dots,Miller,1914,1589,5805,711,1526,232,108,32,0.26287683,715,177,391,454,12,Y
mitchwi01,Willie,Mitchell,1914,279,530,29,69,5,0,0,0.130188679,27,0,29,90,12,N
paskedo01,Dode,Paskert,1914,1716,6017,868,1613,279,77,42,0.268073791,577,293,715,659,15,Y
raridbi01,Bill,Rariden,1914,982,2877,272,682,105,24,7,0.237052485,272,47,340,251,12,N
sallesl01,Slim,Sallee,1914,476,924,57,158,12,4,2,0.170995671,52,2,46,188,16,N
smithre02,Red,Smith,1914,1117,3907,477,1087,208,49,27,0.278218582,514,117,420,415,10,N
stanaos01,Oscar,Stanage,1914,1096,3503,248,819,123,34,8,0.2337996,321,30,219,268,14,N
vaughhi01,Hippo,Vaughn,1914,392,921,81,159,25,6,3,0.172638436,61,12,68,229,14,N
wilsoar01,Art,Wilson,1914,812,2056,237,536,96,22,24,0.260700389,226,50,292,289,15,N
woodjo02,Joe,Wood,1914,696,1952,266,553,118,31,23,0.28329918,325,23,208,189,14,Y
bushdo01,Donie,Bush,1915,1946,7210,1280,1804,186,74,9,0.250208044,436,404,1158,346,17,Y
caldwra02,Ray,Caldwell,1915,590,1164,138,289,46,8,8,0.248281787,114,23,78,158,13,N
chenela01,Larry,Cheney,1915,316,617,46,115,17,7,1,0.186385737,42,3,41,179,12,N
fletcar01,Art,Fletcher,1915,1533,5541,684,1534,238,77,32,0.276845335,675,159,203,348,14,Y
graneja01,Jack,Graney,1915,1402,4705,706,1178,219,79,18,0.250371945,420,148,712,345,14,N
hendrcl01,Claude,Hendrix,1915,421,922,118,222,39,17,14,0.240780911,97,9,39,168,10,N
jamesbi01,Bill,James,1915,203,358,25,51,6,1,0,0.142458101,12,1,27,129,11,N
killebi01,Bill,Killefer,1915,1035,3150,237,751,86,21,4,0.238412698,240,39,113,126,13,N
lewisdu01,Duffy,Lewis,1915,1459,5351,612,1518,289,68,38,0.283685292,793,113,352,353,11,Y
lowdegr01,Grover,Lowdermilk,1915,122,191,7,25,6,1,0,0.130890052,6,1,7,66,12,N
mageele01,Lee,Magee,1915,1015,3741,467,1031,133,54,12,0.275594761,277,186,265,208,11,N
merklfr01,Fred,Merkle,1915,1638,5782,720,1580,290,82,61,0.273261847,733,272,454,583,18,N
raganpa01,Pat,Ragan,1915,286,544,30,84,12,2,1,0.154411765,28,1,14,156,15,N
tylerle01,Lefty,Tyler,1915,390,870,85,189,33,2,4,0.217241379,75,0,80,143,12,N
adamsba01,Babe,Adams,1916,482,1019,79,216,31,15,3,0.211972522,75,1,53,177,19,Y
cobbty01,Ty,Cobb,1916,3035,11434,2246,4189,724,295,117,0.366363477,1937,892,1249,357,24,Y
dealch01,Charlie,Deal,1916,851,2930,295,752,104,34,11,0.25665529,318,65,135,121,12,N
gallibe01,Bert,Gallia,1916,245,412,27,69,10,2,1,0.167475728,26,3,20,132,10,N
gardnla01,Larry,Gardner,1916,1923,6688,866,1931,301,129,27,0.288726077,934,165,654,282,17,N
johnsdo01,Doc,Johnston,1916,1055,3774,478,992,154,68,14,0.262851086,381,139,264,292,11,N
marquru01,Rube,Marquard,1916,536,1107,63,198,17,3,1,0.178861789,64,6,33,191,19,Y
mayerer01,Erskine,Mayer,1916,245,453,39,84,10,7,2,0.185430464,28,0,28,109,10,N
milleot01,Otto,Miller,1916,927,2836,229,695,97,33,5,0.24506347,231,40,104,301,13,N
mollwfr01,Fritz,Mollwitz,1916,534,1740,138,420,50,19,1,0.24137931,158,70,83,132,10,N
nunamle01,Les,Nunamaker,1916,716,1990,194,533,75,30,2,0.267839196,216,36,176,150,13,N
perripo01,Pol,Perritt,1916,257,477,27,72,10,2,0,0.150943396,21,2,10,152,11,N
shottbu01,Burt,Shotton,1916,1387,4945,746,1338,154,65,9,0.27057634,290,293,713,380,14,N
strunam01,Amos,Strunk,1916,1512,4999,696,1418,213,96,15,0.283656731,530,185,573,331,20,N
thomapi01,Pinch,Thomas,1916,481,1035,88,245,27,8,2,0.236714976,102,12,118,82,10,N
vittos01,Ossie,Vitt,1916,1065,3760,560,894,106,48,4,0.237765957,295,114,455,131,10,N
whittpo01,Possum,Whitted,1916,1025,3630,440,978,145,60,23,0.269421488,451,116,215,310,13,N
ainsmed01,Eddie,Ainsmith,1917,1078,3048,299,707,108,54,22,0.231955381,317,86,263,315,17,N
austiji01,Jimmy,Austin,1917,1580,5388,661,1328,174,76,13,0.246473645,390,244,592,363,18,Y
ayersdo01,Doc,Ayers,1917,299,420,20,72,10,2,0,0.171428571,23,1,13,72,10,N
bentoru01,Rube,Benton,1917,437,825,45,142,19,4,1,0.172121212,60,4,22,188,16,N
collish01,Shano,Collins,1917,1799,6390,747,1687,310,133,22,0.26400626,709,225,331,405,16,Y
cutshge01,George,Cutshaw,1917,1516,5621,629,1487,195,89,25,0.264543676,653,271,300,242,12,N
daubeja01,Jake,Daubert,1917,2014,7673,1117,2326,250,165,56,0.303140884,722,251,623,489,15,Y
douglph01,Phil,Douglas,1917,299,559,34,90,8,2,2,0.161001789,35,1,11,115,12,N
fosteed02,Eddie,Foster,1917,1500,5652,732,1490,191,71,6,0.263623496,451,195,528,255,14,Y
hamilea01,Earl,Hamilton,1917,410,733,40,112,14,4,0,0.152796726,30,5,76,165,16,N
harpeha01,Harry,Harper,1917,220,402,19,59,8,0,0,0.146766169,19,3,15,120,10,N
hoopeha01,Harry,Hooper,1917,2309,8785,1429,2466,389,160,75,0.280705748,817,375,1136,412,17,Y
janvrha01,Hal,Janvrin,1917,759,2221,250,515,68,18,6,0.231877533,210,79,171,197,12,N
johnswa01,Walter,Johnson,1917,933,2324,241,547,94,41,24,0.235370052,255,13,110,251,21,Y
mccarle01,Lew,McCarty,1917,532,1479,113,393,47,20,5,0.265720081,137,20,102,109,11,N
murphed02,Eddie,Murphy,1917,761,2373,411,680,66,32,4,0.286557101,195,111,294,145,12,N
olsoniv01,Ivy,Olson,1917,1574,6111,730,1575,191,69,13,0.257731959,446,156,285,222,15,N
roberda01,Dave,Robertson,1917,804,2830,366,812,117,44,47,0.286925795,364,94,113,262,11,Y
rothbr01,Braggo,Roth,1917,811,2831,427,804,138,73,30,0.283998587,422,189,335,389,10,N
rudoldi01,Dick,Rudolph,1917,284,698,46,131,14,6,2,0.187679083,56,9,53,115,13,Y
schupfe01,Ferdie,Schupp,1917,217,319,25,58,10,3,1,0.181818182,19,0,25,104,12,N
speaktr01,Tris,Speaker,1917,2789,10195,1882,3514,792,222,117,0.344678764,1529,432,1381,220,22,Y
toneyfr01,Fred,Toney,1917,336,744,40,118,12,4,3,0.158602151,47,3,21,186,13,Y
walketi01,Tilly,Walker,1917,1421,5067,696,1423,244,71,118,0.280836787,679,129,416,504,13,N
bairddo01,Doug,Baird,1918,617,2106,230,492,86,45,6,0.233618234,191,118,157,295,10,N
billijo01,Josh,Billings,1918,243,488,44,106,12,5,0,0.217213115,29,5,23,73,11,N
burnsge01,George,Burns,1918,1853,7241,1188,2077,362,108,41,0.286838834,611,383,872,565,15,Y
collied01,Eddie,Collins,1918,2826,9949,1821,3315,438,187,47,0.333199317,1300,744,1499,286,25,Y
danfoda01,Dave,Danforth,1918,286,350,23,56,11,4,0,0.16,27,2,33,80,10,N
gowdyha01,Hank,Gowdy,1918,1050,2735,270,738,124,27,21,0.269835466,322,59,311,247,19,Y
kopfla01,Larry,Kopf,1918,853,3010,349,750,84,30,5,0.249169435,266,72,242,214,10,N
lavando01,Doc,Lavan,1918,1163,3891,338,954,134,45,7,0.245181187,377,71,209,376,13,N
leonadu01,Dutch,Leonard,1918,331,715,47,124,16,2,0,0.173426573,46,0,58,132,11,N
mamaual01,Al,Mamaux,1918,254,422,39,77,12,2,1,0.182464455,29,0,27,90,12,N
mcinnst01,Stuffy,McInnis,1918,2128,7822,872,2405,312,101,20,0.307466121,1063,172,380,189,19,Y
peckiro01,Roger,Peckinpaugh,1918,2012,7233,1006,1876,256,75,48,0.259366791,740,205,814,609,18,Y
pfeffje01,Jeff,Pfeffer,1918,352,874,49,180,16,6,0,0.205949657,62,3,27,201,15,N
prattde01,Del,Pratt,1918,1836,6826,856,1996,392,117,43,0.292411368,970,247,513,360,13,N
shankho01,Howie,Shanks,1918,1665,5699,604,1440,211,96,25,0.252675908,620,185,415,443,14,N
stengca01,Casey,Stengel,1918,1277,4288,575,1219,182,89,60,0.284281716,535,131,437,453,15,Y
wheatza01,Zack,Wheat,1918,2410,9106,1289,2884,476,172,132,0.316714254,1248,205,650,559,19,Y
cadorle01,Leon,Cadore,1919,193,442,28,92,10,4,5,0.208144796,45,2,14,103,11,Y
careyma01,Max,Carey,1919,2476,9363,1545,2665,419,159,70,0.284630994,800,738,1040,695,21,Y
coopewi01,Wilbur,Cooper,1919,521,1227,111,293,34,17,6,0.238793806,106,12,47,140,16,Y
cruiswa01,Walton,Cruise,1919,736,2321,293,644,83,39,30,0.277466609,272,49,238,250,11,Y
daussho01,Hooks,Dauss,1919,540,1124,107,212,41,14,6,0.1886121,107,3,141,288,15,N
flackma01,Max,Flack,1919,1411,5252,783,1461,212,72,35,0.278179741,391,200,474,253,13,N
fournja01,Jack,Fournier,1919,1530,5208,822,1631,252,113,136,0.313172043,859,145,587,408,15,N
griffto01,Tommy,Griffith,1919,1401,4947,589,1383,208,72,52,0.279563372,619,70,351,262,14,N
grohhe01,Heinie,Groh,1919,1676,6074,918,1774,308,87,26,0.292064537,566,180,696,345,17,Y
jacobel01,Elmer,Jacobs,1919,250,347,22,56,7,3,0,0.161383285,13,0,14,101,11,N
johnser01,Ernie,Johnson,1919,813,2619,372,697,91,36,19,0.266132111,256,114,181,153,11,N
leibone01,Nemo,Leibold,1919,1268,4167,638,1109,145,49,3,0.266138709,284,134,571,335,15,N
mortogu01,Guy,Morton,1919,317,548,24,86,11,3,0,0.156934307,33,0,10,122,11,N
myershy01,Hy,Myers,1919,1310,4910,555,1380,179,100,32,0.281059063,559,107,195,358,16,N
oeschjo01,Joe,Oeschger,1919,366,599,34,99,13,0,0,0.165275459,41,0,20,138,15,Y
oneilst01,Steve,O'Neill,1919,1590,4795,448,1259,248,34,13,0.262565172,537,30,592,383,17,Y
rawlijo01,Johnny,Rawlings,1919,1080,3719,409,928,122,28,14,0.249529443,303,92,257,275,15,N
russeal01,Allen,Russell,1919,357,415,29,65,8,0,0,0.156626506,13,0,40,163,12,N
schuljo03,Joe,Schultz,1919,703,1959,235,558,83,19,15,0.284839204,249,35,116,102,14,N
severha01,Hank,Severeid,1919,1390,4312,408,1245,204,42,17,0.288729128,539,35,331,169,17,Y
shawkbo01,Bob,Shawkey,1919,488,1049,90,225,26,6,3,0.21448999,94,0,34,181,16,N
smithel02,Elmer,Smith,1919,1012,3195,469,881,181,62,70,0.275743349,541,54,319,359,13,N
smithge02,George,Smith,1919,229,349,15,34,3,0,0,0.097421203,12,0,12,144,11,N
snydefr01,Frank,Snyder,1919,1392,4229,331,1122,170,44,47,0.265310948,525,37,281,416,17,N
stockmi01,Milt,Stock,1919,1628,6249,839,1806,270,58,22,0.289006241,696,155,455,321,14,N
veachbo01,Bobby,Veach,1919,1821,6656,953,2063,393,147,64,0.309945913,1166,195,571,367,16,Y
wingoiv01,Ivey,Wingo,1919,1327,4003,362,1039,147,81,25,0.259555333,455,87,264,285,17,N
